1 17 14
1 18 14
1 27 25
2 21 15
2 26 25
2 30 19
2 31 5
3 27 9
4 19 30
4 20 19
4 22 15
4 26 9
4 28 5
4 29 26
5 21 15
6 17 19
6 18 5
6 22 31
6 27 9
7 21 31
7 30 10
7 31 10
9 1 6
9 2 6
9 11 17
10 5 7
10 10 17
10 14 11
10 15 29
11 11 1
12 3 22
12 4 11
12 6 7
12 10 1
12 12 29
12 13 18
13 5 7
14 1 11
14 2 29
14 6 23
14 11 1
15 5 23
15 14 2
15 15 2
17 17 30
17 18 30
17 27 9
18 21 31
18 26 9
18 30 3
18 31 21
19 27 25
20 19 14
20 20 3
20 22 31
20 26 25
20 28 21
20 29 10
21 21 31
22 17 3
22 18 21
22 22 15
22 27 25
23 21 15
23 30 26
23 31 26
25 1 22
25 2 22
25 11 1
26 5 23
26 10 1
26 14 27
26 15 13
27 11 17
28 3 6
28 4 27
28 6 23
28 10 17
28 12 13
28 13 2
29 5 23
30 1 27
30 2 13
30 6 7
30 11 17
31 5 7
31 14 18
31 15 18
0 1 6
0 1 7
0 1 25
0 1 26
0 2 5
0 2 6
0 2 7
0 3 7
0 3 25
0 4 6
0 4 7
0 4 25
0 5 7
0 6 7
0 6 15
0 7 15
0 8 14
0 8 15
0 9 14
0 9 15
0 10 15
0 10 17
0 11 14
0 11 15
0 11 17
0 12 17
0 12 18
0 20 14
0 20 15
0 21 15
0 21 17
0 21 18
0 22 15
0 22 17
0 23 17
0 23 18
0 24 17
0 24 18
0 25 17
0 26 17
0 26 25
0 27 25
0 28 25
0 28 26
0 29 25
0 30 25
1 3 6
1 3 7
1 4 6
1 5 7
1 6 15
1 7 15
1 9 14
1 9 15
1 10 14
1 10 15
1 11 15
1 12 18
1 20 14
1 20 19
1 21 15
1 22 15
1 26 25
1 27 25
1 28 25
1 28 26
2 2 7
2 3 6
2 3 7
2 6 7
2 6 15
2 7 15
2 8 15
2 9 15
2 10 14
2 10 15
2 10 17
2 11 14
2 11 15
2 11 17
2 12 15
2 12 17
2 13 14
2 19 14
2 21 15
2 22 15
2 22 17
2 23 17
2 24 6
2 24 17
2 25 6
2 26 25
2 27 25
2 28 25
2 28 26
3 3 7
3 3 9
3 4 6
3 4 9
3 5 9
3 7 9
3 7 15
3 8 9
3 8 15
3 9 9
3 10 9
3 10 15
3 11 15
3 11 17
3 12 17
3 12 18
3 13 15
3 21 15
3 22 15
3 23 17
3 24 6
3 25 6
3 25 7
3 26 7
3 26 25
3 27 25
3 28 9
4 3 9
4 4 6
4 4 7
4 4 9
4 5 7
4 6 7
4 6 9
4 6 15
4 7 9
4 7 15
4 9 9
4 9 15
4 10 9
4 10 15
4 10 17
4 11 17
4 12 15
4 12 17
4 12 18
4 13 15
4 22 15
4 22 17
4 23 18
4 25 6
4 26 7
4 26 9
5 3 9
5 4 6
5 4 7
5 5 7
5 5 9
5 6 9
5 6 15
5 7 15
5 8 9
5 8 15
5 9 9
5 9 15
5 11 15
5 12 15
5 12 18
5 13 15
5 13 17
5 20 15
5 21 31
5 22 17
5 22 31
5 23 17
5 23 18
5 24 18
5 25 7
5 26 9
5 27 9
6 3 10
6 4 7
6 4 9
6 5 7
6 5 9
6 5 10
6 6 7
6 6 9
6 6 10
6 7 9
6 8 9
6 9 9
6 10 9
6 10 17
6 13 17
6 13 18
6 14 17
6 20 30
6 20 31
6 21 31
6 22 31
6 23 18
6 24 7
6 24 18
6 25 7
6 26 7
6 26 9
6 27 9
6 29 10
7 4 6
7 5 9
7 6 9
7 6 10
7 7 9
7 7 10
7 9 9
7 10 9
7 11 17
7 12 18
7 13 17
7 13 18
7 20 30
7 20 31
7 21 31
7 22 31
7 26 9
7 27 9
7 28 5
7 28 10
8 4 6
8 5 7
8 5 9
8 5 10
8 6 7
8 6 9
8 7 9
8 7 10
8 8 9
8 9 9
8 10 17
8 11 17
8 12 17
8 12 18
8 13 17
8 19 31
8 20 30
8 20 31
8 21 31
8 22 31
8 23 7
8 24 7
8 25 6
8 25 7
8 26 7
8 26 9
8 27 6
8 27 7
8 27 9
8 28 10
9 4 6
9 4 11
9 5 7
9 6 7
9 10 17
9 11 17
9 12 17
9 12 18
9 19 30
9 19 31
9 20 30
9 21 31
9 22 7
9 23 7
9 25 6
9 25 7
9 26 6
9 26 7
9 27 7
9 28 10
10 3 6
10 5 7
10 6 7
10 6 9
10 7 9
10 8 9
10 8 30
10 9 30
10 10 17
10 11 17
10 12 17
10 12 18
10 18 31
10 19 30
10 19 31
10 22 7
10 22 31
10 23 7
10 24 7
10 25 7
10 26 6
10 26 7
10 26 9
10 27 6
10 27 7
10 27 9
10 28 7
10 28 9
10 29 6
11 5 7
11 6 7
11 7 9
11 8 30
11 9 30
11 9 31
11 10 17
11 10 31
11 11 17
11 12 1
11 19 1
11 19 31
11 20 1
11 20 30
11 21 1
11 23 1
11 23 7
11 24 1
11 24 7
11 25 1
11 26 1
11 26 7
11 27 7
11 27 9
11 28 9
11 28 10
11 29 7
12 6 7
12 6 9
12 7 10
12 9 30
12 10 1
12 10 31
12 19 1
12 20 1
12 20 30
12 20 31
12 21 31
12 22 1
12 22 7
12 22 31
12 23 1
12 23 7
12 25 1
12 25 7
12 26 1
12 26 7
12 26 9
12 27 9
12 28 7
12 28 9
12 28 10
12 29 7
13 4 7
13 5 23
13 6 9
13 6 23
13 7 9
13 7 10
13 8 10
13 9 31
13 10 1
13 11 1
13 19 1
13 20 30
13 20 31
13 21 1
13 21 31
13 22 1
13 22 7
13 23 7
13 24 1
13 24 7
13 25 1
13 25 7
13 27 7
13 28 7
13 28 10
13 29 7
13 29 9
14 4 22
14 4 23
14 5 23
14 6 23
14 7 10
14 8 10
14 8 31
14 9 31
14 10 1
14 10 31
14 11 1
14 13 2
14 19 2
14 20 1
14 20 31
14 21 1
14 21 2
14 21 31
14 22 1
14 22 2
14 22 31
14 23 1
14 24 1
14 25 1
14 26 1
14 26 9
14 29 9
14 29 10
14 30 9
15 4 22
15 4 23
15 5 23
15 6 23
15 10 1
15 11 1
15 12 2
15 12 29
15 20 30
15 21 1
15 22 1
15 22 2
15 23 1
15 23 2
15 25 1
15 26 1
15 27 9
15 28 10
15 29 9
15 29 10
16 3 23
16 4 22
16 4 23
16 5 23
16 6 23
16 7 31
16 8 31
16 9 30
16 9 31
16 10 1
16 10 31
16 11 1
16 11 30
16 11 31
16 12 2
16 20 30
16 21 1
16 21 2
16 21 31
16 22 1
16 22 31
16 23 1
16 23 2
16 24 1
16 25 1
16 26 9
16 27 9
16 28 9
16 28 10
16 29 9
17 3 22
17 3 23
17 4 22
17 5 23
17 6 31
17 7 31
17 9 30
17 9 31
17 10 30
17 10 31
17 11 31
17 12 2
17 20 3
17 20 30
17 21 31
17 22 31
17 26 9
17 27 9
17 28 9
17 28 10
18 2 23
18 3 22
18 3 23
18 6 23
18 6 31
18 7 31
18 8 31
18 9 31
18 10 1
18 10 30
18 10 31
18 11 1
18 11 30
18 11 31
18 12 1
18 12 31
18 13 30
18 19 30
18 21 31
18 22 1
18 22 31
18 23 1
18 24 1
18 24 22
18 25 22
18 26 9
18 27 9
18 28 9
18 28 10
19 3 23
19 3 25
19 4 22
19 4 25
19 5 25
19 7 25
19 7 31
19 8 25
19 8 31
19 9 25
19 10 25
19 10 31
19 11 1
19 11 31
19 12 1
19 12 2
19 13 31
19 21 31
19 22 31
19 23 1
19 24 22
19 25 22
19 25 23
19 26 9
19 26 23
19 27 9
19 28 25
20 3 25
20 4 22
20 4 23
20 4 25
20 5 23
20 6 23
20 6 25
20 6 31
20 7 25
20 7 31
20 9 25
20 9 31
20 10 1
20 10 25
20 10 31
20 11 1
20 12 1
20 12 2
20 12 31
20 13 31
20 22 1
20 22 31
20 23 2
20 25 22
20 26 23
20 26 25
21 3 25
21 4 22
21 4 23
21 5 23
21 5 25
21 6 25
21 6 31
21 7 31
21 8 25
21 8 31
21 9 25
21 9 31
21 11 31
21 12 2
21 12 31
21 13 1
21 13 31
21 20 31
21 21 15
21 22 1
21 22 15
21 23 1
21 23 2
21 24 2
21 25 23
21 26 25
21 27 25
22 3 26
22 4 23
22 4 25
22 5 23
22 5 25
22 5 26
22 6 23
22 6 25
22 6 26
22 7 25
22 8 25
22 9 25
22 10 1
22 10 25
22 13 1
22 13 2
22 14 1
22 20 14
22 20 15
22 21 15
22 22 15
22 23 2
22 24 2
22 24 23
22 25 23
22 26 23
22 26 25
22 27 25
22 29 26
23 4 22
23 5 25
23 6 25
23 6 26
23 7 25
23 7 26
23 9 25
23 10 25
23 11 1
23 12 2
23 13 1
23 13 2
23 20 14
23 20 15
23 21 15
23 22 15
23 26 25
23 27 25
23 28 21
23 28 26
24 4 22
24 5 23
24 5 25
24 5 26
24 6 23
24 6 25
24 7 25
24 7 26
24 8 25
24 9 25
24 10 1
24 11 1
24 12 1
24 12 2
24 13 1
24 19 15
24 20 14
24 20 15
24 21 15
24 22 15
24 23 23
24 24 23
24 25 22
24 25 23
24 26 23
24 26 25
24 27 22
24 27 23
24 27 25
24 28 26
25 4 22
25 4 27
25 5 23
25 6 23
25 10 1
25 11 1
25 12 1
25 12 2
25 19 14
25 19 15
25 20 14
25 21 15
25 22 23
25 23 23
25 25 22
25 25 23
25 26 22
25 26 23
25 27 23
25 28 26
26 3 22
26 5 23
26 6 23
26 6 25
26 7 25
26 8 14
26 8 25
26 9 14
26 10 1
26 11 1
26 12 1
26 12 2
26 18 15
26 19 14
26 19 15
26 22 15
26 22 23
26 23 23
26 24 23
26 25 23
26 26 22
26 26 23
26 26 25
26 27 22
26 27 23
26 27 25
26 28 23
26 28 25
26 29 22
27 5 23
27 6 23
27 7 25
27 8 14
27 9 14
27 9 15
27 10 1
27 10 15
27 11 1
27 12 17
27 19 15
27 19 17
27 20 14
27 20 17
27 21 17
27 23 17
27 23 23
27 24 17
27 24 23
27 25 17
27 26 17
27 26 23
27 27 23
27 27 25
27 28 25
27 28 26
27 29 23
28 6 23
28 6 25
28 7 26
28 9 14
28 10 15
28 10 17
28 19 17
28 20 14
28 20 15
28 20 17
28 21 15
28 22 15
28 22 17
28 22 23
28 23 17
28 23 23
28 25 17
28 25 23
28 26 17
28 26 23
28 26 25
28 27 25
28 28 23
28 28 25
28 28 26
28 29 23
29 4 23
29 5 7
29 6 7
29 6 25
29 7 25
29 7 26
29 8 26
29 9 15
29 10 17
29 11 17
29 19 17
29 20 14
29 20 15
29 21 15
29 21 17
29 22 17
29 22 23
29 23 23
29 24 17
29 24 23
29 25 17
29 25 23
29 27 23
29 28 23
29 28 26
29 29 23
29 29 25
30 4 6
30 4 7
30 5 7
30 6 7
30 7 26
30 8 15
30 8 26
30 9 15
30 10 15
30 10 17
30 11 17
30 13 18
30 19 18
30 20 15
30 20 17
30 21 15
30 21 17
30 21 18
30 22 15
30 22 17
30 22 18
30 23 17
30 24 17
30 25 17
30 26 17
30 26 25
30 29 25
30 29 26
30 30 25
31 4 6
31 4 7
31 5 7
31 6 7
31 10 17
31 11 17
31 12 13
31 12 18
31 20 14
31 21 17
31 22 17
31 22 18
31 23 17
31 23 18
31 25 17
31 26 17
31 27 25
31 28 26
31 29 25
31 29 26